4.784173473096868801e-01 9.991891384124755859e-01 1.489740447141230106e-03
4.784740315209782269e-01 1.001577615737915039e+00 1.496570999734103680e-03
4.785159635786721544e-01 9.994874596595764160e-01 1.497040153481066227e-03
4.785435135014088903e-01 9.980579018592834473e-01 1.498686382547020912e-03
4.785831462093415589e-01 1.000633001327514648e+00 1.490405411459505558e-03
4.786398337005370318e-01 9.995904564857482910e-01 1.494959346018731594e-03
4.786817673147698571e-01 1.000180006027221680e+00 1.496400684118270874e-03
4.787093207953097562e-01 1.001237750053405762e+00 1.500106300227344036e-03
4.787489451089420034e-01 9.993835091590881348e-01 1.490007503889501095e-03
4.788056358799329115e-01 9.979482293128967285e-01 1.494418364018201828e-03
4.788475710508132144e-01 9.969177246093750000e-01 1.495155040174722672e-03
4.788751280335655780e-01 9.983159303665161133e-01 1.498827012255787849e-03
4.789147439530060391e-01 9.989768266677856445e-01 1.489248475991189480e-03
4.789714380594374266e-01 9.993302822113037109e-01 1.495460281148552895e-03
4.790133748423929805e-01 1.001322984695434570e+00 1.497807912528514862e-03
4.790409353273578086e-01 1.001629948616027832e+00 1.500282436609268188e-03
4.790805428527150078e-01 1.002586603164672852e+00 1.491119153797626495e-03
4.791372402389418861e-01 1.000135302543640137e+00 1.496150507591664791e-03
4.791791785784363378e-01 9.997522830963134766e-01 1.496459939517080784e-03
4.792067425656136859e-01 9.993295669555664062e-01 1.499968580901622772e-03
4.792463417522611624e-01 1.000190377235412598e+00 1.490981201641261578e-03
4.793030424740370998e-01 9.980623126029968262e-01 1.494188793003559113e-03
4.793449823144796951e-01 1.002069354057312012e+00 1.497066579759120941e-03
4.793725498038695632e-01 1.001635551452636719e+00 1.500165322795510292e-03
4.794121406519158413e-01 1.000590562820434570e+00 1.491440809331834316e-03
4.794688446535415594e-01 1.002817392349243164e+00 1.496534678153693676e-03
4.795107860504145281e-01 1.000046849250793457e+00 1.497947378084063530e-03
4.795383570976617937e-01 9.999646544456481934e-01 1.499060541391372681e-03
4.795779395515705756e-01 9.995784759521484375e-01 1.489756512455642223e-03
4.796346468330460744e-01 1.000542759895324707e+00 1.495872158557176590e-03
4.796765898421028185e-01 1.001773118972778320e+00 1.497327117249369621e-03
4.797041643359176155e-01 9.979071617126464844e-01 1.498142955824732780e-03
4.797437383956346113e-01 1.000469684600830078e+00 1.489976420998573303e-03
4.798004490124419541e-01 1.000484466552734375e+00 1.495179836638271809e-03
4.798423935782005212e-01 9.999065995216369629e-01 1.495975186116993427e-03
4.798699715742820726e-01 9.979159235954284668e-01 1.498836209066212177e-03
4.799095372952892902e-01 1.001569271087646484e+00 1.492520794272422791e-03
4.799662511920550489e-01 1.000138044357299805e+00 1.494992058724164963e-03
4.800081973141352987e-01 1.000112414360046387e+00 1.496704644523561001e-03
4.800357788681828830e-01 1.000982165336608887e+00 1.499475329183042049e-03
4.800753361949440245e-01 1.001869916915893555e+00 1.491367700509727001e-03
4.801320534272587870e-01 9.982019662857055664e-01 1.494292984716594219e-03
4.801740010501786560e-01 1.001506924629211426e+00 1.497457851655781269e-03
4.802015861064387603e-01 1.001856923103332520e+00 1.500512356869876385e-03
4.802411350944901236e-01 1.001880645751953125e+00 1.490721828304231167e-03
4.802978556066547222e-01 9.990279674530029297e-01 1.496312674134969711e-03
4.803398048418127120e-01 1.002965807914733887e+00 1.498146448284387589e-03
4.803673933446945821e-01 1.001056551933288574e+00 1.500329235568642616e-03
4.804069339941991479e-01 9.990430474281311035e-01 1.489676651544868946e-03
4.804636577862134716e-01 9.995732307434082031e-01 1.495017088018357754e-03
4.805056085778018349e-01 1.001364231109619141e+00 1.496971584856510162e-03
4.805332005828418795e-01 9.996171593666076660e-01 1.499289064668118954e-03
4.805727328382631836e-01 1.000675439834594727e+00 1.490121125243604183e-03
4.806294599657179867e-01 9.997689127922058105e-01 1.495506730861961842e-03
4.806714123138451922e-01 1.000158309936523438e+00 1.496963319368660450e-03
4.806990078766341101e-01 9.978361725807189941e-01 1.498523517511785030e-03
4.807385317378635725e-01 9.978323578834533691e-01 1.490330323576927185e-03
4.807952621451681563e-01 9.990119338035583496e-01 1.494500553235411644e-03
4.808372160499428394e-01 1.000283122062683105e+00 1.496549230068922043e-03
4.808648151148899874e-01 9.997462630271911621e-01 1.499368925578892231e-03
4.809043306375183069e-01 1.001059412956237793e+00 1.489981077611446381e-03
4.809610643246726713e-01 9.986962080001831055e-01 1.495138043537735939e-03
4.810030197858776169e-01 9.992200136184692383e-01 1.496617100201547146e-03
4.810306223532001546e-01 9.991232156753540039e-01 1.499631209298968315e-03
4.810701294815823426e-01 9.996138811111450195e-01 1.489285961724817753e-03
4.811268665041771864e-01 9.989238381385803223e-01 1.494694035500288010e-03
4.811688235219210297e-01 1.000112175941467285e+00 1.496823853813111782e-03
4.811964295913473966e-01 9.995383620262145996e-01 1.499557867646217346e-03
4.812359283811284416e-01 9.986527562141418457e-01 1.489777816459536552e-03
4.812926687392180547e-01 9.990828037261962891e-01 1.495088101364672184e-03
4.813346273135550857e-01 9.984831213951110840e-01 1.495543983764946461e-03
4.813622368296032739e-01 9.990479350090026855e-01 1.499391742981970310e-03
4.814017272808374659e-01 1.000506639480590820e+00 1.489181071519851685e-03
4.814584709187225142e-01 9.995761513710021973e-01 1.494944910518825054e-03
4.815004310495984430e-01 9.993060231208801270e-01 1.496461103670299053e-03
4.815280441234497943e-01 9.969365596771240234e-01 1.498294528573751450e-03
4.815675261249557915e-01 1.001944184303283691e+00 1.490933238528668880e-03
4.816242730982813192e-01 9.986584782600402832e-01 1.495702890679240227e-03
4.816662347856418003e-01 9.995317459106445312e-01 1.496235141530632973e-03
4.816938513617056716e-01 9.996206164360046387e-01 1.499594072811305523e-03
4.817333250245018905e-01 9.989390969276428223e-01 1.487749977968633175e-03
4.817900752776772544e-01 9.975924491882324219e-01 1.495295669883489609e-03
4.818320385216851576e-01 9.996141195297241211e-01 1.495788339525461197e-03
4.818596585999614934e-01 9.974290728569030762e-01 1.498915138654410839e-03
4.818991239241566249e-01 1.001703143119812012e+00 1.489883172325789928e-03
4.819558774571817139e-01 1.000506997108459473e+00 1.495258999057114124e-03
4.819978422576199906e-01 1.001531600952148438e+00 1.497345860116183758e-03
4.820254658382173707e-01 9.998462796211242676e-01 1.499008154496550560e-03
4.820649227682206606e-01 9.999186396598815918e-01 1.489377464167773724e-03
4.821216796366862289e-01 1.001017689704895020e+00 1.496023149229586124e-03
4.821636459937719277e-01 9.989510178565979004e-01 1.496170414611697197e-03
4.821912730763646682e-01 9.969716072082519531e-01 1.498428639024496078e-03
4.822307216679296293e-01 1.000288963317871094e+00 1.490110531449317932e-03
4.822874818161906885e-01 1.000127553939819336e+00 1.495938515290617943e-03
4.823294497299238648e-01 1.003170728683471680e+00 1.497932942584156990e-03
4.823570803146747799e-01 9.983987808227539062e-01 1.498999306932091713e-03
4.823965205676386536e-01 9.988742470741271973e-01 1.488526584580540657e-03
4.824532839956952035e-01 9.977270960807800293e-01 1.494769356213510036e-03
4.824952534658586978e-01 1.001657485961914062e+00 1.498098950833082199e-03
4.825228875529306571e-01 9.976063966751098633e-01 1.498375670053064823e-03
4.825623194117026338e-01 9.995309114456176758e-01 1.489824499003589153e-03
4.826190861751997185e-01 1.001930356025695801e+00 1.496276119723916054e-03
4.826610572019563450e-01 9.994205832481384277e-01 1.496117911301553249e-03
4.826886948467228877e-01 9.998205900192260742e-01 1.499660080298781395e-03
4.827281183113573682e-01 1.003272891044616699e+00 1.491299131885170937e-03
4.827848883545955982e-01 9.975447654724121094e-01 1.494876923970878124e-03
4.828268609936446909e-01 9.989124536514282227e-01 1.496034674346446991e-03
4.828545020849787650e-01 1.001154541969299316e+00 1.499442500062286854e-03
4.828939172110120470e-01 1.001759052276611328e+00 1.490726601332426071e-03
4.829506905341001133e-01 1.000194430351257324e+00 1.494623604230582714e-03
4.829926647295794684e-01 9.988000988960266113e-01 1.496047480031847954e-03
4.830203093232345868e-01 9.996455311775207520e-01 1.499732141382992268e-03
4.830597160550760827e-01 1.001427650451660156e+00 1.490674214437603951e-03
4.831164927136045728e-01 1.000879287719726562e+00 1.495660399086773396e-03
4.831584684656228257e-01 9.998915791511535645e-01 1.496397773735225201e-03
4.831861165614361742e-01 9.990672469139099121e-01 1.499371952377259731e-03
4.832255149546222373e-01 1.001812219619750977e+00 1.490912167355418205e-03
4.832822948931090878e-01 1.000659584999084473e+00 1.496691489592194557e-03
4.833242722016662385e-01 9.995144605636596680e-01 1.495271222665905952e-03
4.833519237996920515e-01 9.976583123207092285e-01 1.498482306487858295e-03
4.833913137987405628e-01 9.996836185455322266e-01 1.490578404627740383e-03
4.834480970726136029e-01 9.978553652763366699e-01 1.493645249865949154e-03
4.834900759377095958e-01 1.000617742538452148e+00 1.496126758866012096e-03
4.835177310380021631e-01 1.000742435455322266e+00 1.499083940871059895e-03
4.835571126983952417e-01 9.980713725090026855e-01 1.489659654907882214e-03
4.836138992521180624e-01 1.000705718994140625e+00 1.495576929301023483e-03
4.836558796737529531e-01 1.000192523002624512e+00 1.496144221164286137e-03
4.836835382761494606e-01 9.995848536491394043e-01 1.499087666161358356e-03
4.837229115424049875e-01 9.998726844787597656e-01 1.490421593189239502e-03
4.837797014315139976e-01 1.002040505409240723e+00 1.495408243499696255e-03
4.838216834097963659e-01 9.993849992752075195e-01 1.495838514529168606e-03
4.838493455144052824e-01 1.000852704048156738e+00 1.500475686043500900e-03
4.838887104420597218e-01 1.000795483589172363e+00 1.490173977799713612e-03
4.839455036110727471e-01 9.981381893157958984e-01 1.495452015660703182e-03
4.839874871457311434e-01 9.996414184570312500e-01 1.496426411904394627e-03
4.840151527526611597e-01 1.000569581985473633e+00 1.499709091149270535e-03
4.840545092861237575e-01 1.000769853591918945e+00 1.490242197178304195e-03
4.841113057906315520e-01 9.987217783927917480e-01 1.493995427154004574e-03
4.841532908817745007e-01 1.000982403755187988e+00 1.496871234849095345e-03
4.841809599909170370e-01 9.986025691032409668e-01 1.498864032328128815e-03
4.842203081857241465e-01 9.990401268005371094e-01 1.488500507548451424e-03
4.842771079700274872e-01 9.999879002571105957e-01 1.494966447353363037e-03
4.843190946178178580e-01 9.990306496620178223e-01 1.496120006777346134e-03
4.843467672291728587e-01 9.978312849998474121e-01 1.498145051300525665e-03
4.843861070297881821e-01 9.995118975639343262e-01 1.489770715124905109e-03
4.844429101495319467e-01 9.969991445541381836e-01 1.494834781624376774e-03
4.844848983538612708e-01 9.995968341827392578e-01 1.495993230491876602e-03
4.845125744674830259e-01 9.988637566566467285e-01 1.498912461102008820e-03
4.845519059294972064e-01 1.000616788864135742e+00 1.489699585363268852e-03
4.846087122735543429e-01 9.984570145606994629e-01 1.494747819378972054e-03
4.846507020899046281e-01 1.001321077346801758e+00 1.497401972301304340e-03
4.846783816502024944e-01 1.001034498214721680e+00 1.499386969953775406e-03
4.847177047734526623e-01 9.989699721336364746e-01 1.490809954702854156e-03
4.847745144530588579e-01 1.000378131866455078e+00 1.495843171142041683e-03
4.848165057703573422e-01 1.000668168067932129e+00 1.496350392699241638e-03
4.848441888884583162e-01 1.000114798545837402e+00 1.499250880442559719e-03
4.848835036731073411e-01 1.001766443252563477e+00 1.491155358962714672e-03
4.849403166325633174e-01 9.991766810417175293e-01 1.494602533057332039e-03
4.849823095062921197e-01 9.990933537483215332e-01 1.495339791290462017e-03
4.850099961267141935e-01 1.000707149505615234e+00 1.500062178820371628e-03
4.850493025171713768e-01 9.989453554153442383e-01 1.489813555963337421e-03
4.851061188120678325e-01 9.992462992668151855e-01 1.494618831202387810e-03
4.851481132423897669e-01 9.989275932312011719e-01 1.495315809734165668e-03
4.851758033648614910e-01 1.001588940620422363e+00 1.500237151049077511e-03
4.852151014168261112e-01 1.001424908638000488e+00 1.491360948421061039e-03
4.852719209915723475e-01 9.990262389183044434e-01 1.494759693741798401e-03
4.853139169784331797e-01 9.986671805381774902e-01 1.496754237450659275e-03
4.853416106031716026e-01 1.000337123870849609e+00 1.499965670518577099e-03
4.853809002608901468e-01 1.003072500228881836e+00 1.490873750299215317e-03
4.854377231710768070e-01 9.998657107353210449e-01 1.495228614658117294e-03
4.854797207144222471e-01 9.998944997787475586e-01 1.496962504461407661e-03
4.855074178414274799e-01 9.989637136459350586e-01 1.498916302807629108e-03
4.855466991605448257e-01 1.001698374748229980e+00 1.490910188294947147e-03
4.856035253505813221e-01 1.001080632209777832e+00 1.495825126767158508e-03
4.856455244504656044e-01 1.003543615341186523e+00 1.499007572419941425e-03
4.856732250796290673e-01 1.001412868499755859e+00 1.500189420767128468e-03
4.857124980045002816e-01 1.000365376472473145e+00 1.489759655669331551e-03
4.857693274743865586e-01 1.000586032867431641e+00 1.494987402111291885e-03
4.858113281865090172e-01 1.000640869140625000e+00 1.497392193414270878e-03
4.858390322622942459e-01 9.992315173149108887e-01 1.499865204095840454e-03
4.858782969041550159e-01 1.001553893089294434e+00 1.490768045186996460e-03
4.859351296539453080e-01 9.986707568168640137e-01 1.494757598266005516e-03
4.859771319224980846e-01 1.000404953956604004e+00 1.496494165621697903e-03
4.860048395005500677e-01 1.000183343887329102e+00 1.499905600212514400e-03
4.860440957482190516e-01 1.000122904777526855e+00 1.491141971200704575e-03
4.861009318334498230e-01 1.000361680984497070e+00 1.495500910095870495e-03
4.861429356585414419e-01 1.000167727470397949e+00 1.496914424933493137e-03
4.861706467387516550e-01 9.992476701736450195e-01 1.499250531196594238e-03
4.862098945922830873e-01 1.001980304718017578e+00 1.490924740210175514e-03
4.862667340129000482e-01 9.978014826774597168e-01 1.495613949373364449e-03
4.863087393946390891e-01 1.001653194427490234e+00 1.497558085247874260e-03
4.863364539770075323e-01 9.980270862579345703e-01 1.499566948041319847e-03
4.863756934919377661e-01 9.983513951301574707e-01 1.489292131736874580e-03
4.864325361924045077e-01 9.992921948432922363e-01 1.495049218647181988e-03
4.864745430749832233e-01 1.001373767852783203e+00 1.497472054325044155e-03
4.865022612153176440e-01 1.001325368881225586e+00 1.500078476965427399e-03
4.865414923360018018e-01 1.000185966491699219e+00 1.490387134253978729e-03
4.865983383163183240e-01 9.994264841079711914e-01 1.494921976700425148e-03
4.866403468110266362e-01 1.000095367431640625e+00 1.496379962190985680e-03
4.866680683978742428e-01 9.970750212669372559e-01 1.497287419624626637e-03
4.867072911799572577e-01 9.993497133255004883e-01 1.489409012719988823e-03
4.867641404957142592e-01 9.984800219535827637e-01 1.495016622357070446e-03
4.868061505470699935e-01 9.971268773078918457e-01 1.495246426202356815e-03
4.868338756361301201e-01 9.975680112838745117e-01 1.498410943895578384e-03
4.868730900796662819e-01 9.999260902404785156e-01 1.489885267801582813e-03
4.869299426752730087e-01 9.995209574699401855e-01 1.495576812885701656e-03
4.869719542831676407e-01 1.000084161758422852e+00 1.496394048444926739e-03
4.869996828743859973e-01 1.001420259475708008e+00 1.499939011409878731e-03
4.870388889238388419e-01 9.966349005699157715e-01 1.488446141593158245e-03
4.870957448548318136e-01 1.001497745513916016e+00 1.495852484367787838e-03
4.871377580192652879e-01 1.001623511314392090e+00 1.497775083407759666e-03
4.871654901126418191e-01 9.996505975723266602e-01 1.499088597483932972e-03
4.872046878234935763e-01 1.000301480293273926e+00 1.489878632128238678e-03
4.872615469786370501e-01 9.989367723464965820e-01 1.494753058068454266e-03
4.873035616997180020e-01 1.001339197158813477e+00 1.497690216638147831e-03
4.873312972951984179e-01 9.989344477653503418e-01 1.499720034189522266e-03
4.873704866675576119e-01 1.000356316566467285e+00 1.490599592216312885e-03
4.874273491581415652e-01 9.999943971633911133e-01 1.495305215939879417e-03
4.874693654357613593e-01 1.002513170242309570e+00 1.498035970143973827e-03
4.874971045334542952e-01 9.994071722030639648e-01 1.499728881753981113e-03
4.875362855116759375e-01 1.000325202941894531e+00 1.490143476985394955e-03
4.875931513376460247e-01 1.001945734024047852e+00 1.496342243626713753e-03
4.876351691718047721e-01 9.984451532363891602e-01 1.495724078267812729e-03
4.876629117717101725e-01 9.983747601509094238e-01 1.499431091360747814e-03
4.877020844112220366e-01 9.986240863800048828e-01 1.489380840212106705e-03
4.877589535170962498e-01 9.998911023139953613e-01 1.495423959568142891e-03
4.878009729078481294e-01 1.000891208648681641e+00 1.497652265243232250e-03
4.878287189543210611e-01 1.000066637992858887e+00 1.499105361290276051e-03
4.878678832552860722e-01 9.976458549499511719e-01 1.487926347181200981e-03
4.879247556410100661e-01 9.990491271018981934e-01 1.494298572652041912e-03
4.879667765881922636e-01 1.000546932220458984e+00 1.497270190156996250e-03
4.879945261925768829e-01 9.987537264823913574e-01 1.498514204286038876e-03
4.880336820993501079e-01 9.983295202255249023e-01 1.489490037783980370e-03
4.880905578205688156e-01 1.000042200088500977e+00 1.495635253377258778e-03
4.881325803242899108e-01 1.001988291740417480e+00 1.498386380262672901e-03
4.881603333752963514e-01 9.983877539634704590e-01 1.498864265158772469e-03
4.881994809434141436e-01 9.999290108680725098e-01 1.489312155172228813e-03
4.882563599999647508e-01 9.997988939285278320e-01 1.495745847932994366e-03
4.882983840603875580e-01 1.001113533973693848e+00 1.496456563472747803e-03
4.883261406134436489e-01 1.001403212547302246e+00 1.500079757533967495e-03
4.883652798430688780e-01 9.985412359237670898e-01 1.489537768065929413e-03
4.884221621238785671e-01 1.000096917152404785e+00 1.495516393333673477e-03
4.884641877963223910e-01 1.000178337097167969e+00 1.496417447924613953e-03
4.884919478516995262e-01 1.001088023185729980e+00 1.500159502029418945e-03
4.885310786871329136e-01 9.995242953300476074e-01 1.490546856075525284e-03
4.885879643033830821e-01 1.001150131225585938e+00 1.495356555096805096e-03
4.886299914767750496e-01 1.001595735549926758e+00 1.497976947575807571e-03
4.886577550343647047e-01 1.001505017280578613e+00 1.500271726399660110e-03
4.886968775310883695e-01 1.000961065292358398e+00 1.490629743784666061e-03
4.887537664828875417e-01 9.979916810989379883e-01 1.494388328865170479e-03
4.887957952128184624e-01 9.994737505912780762e-01 1.496217912063002586e-03
4.888235622726205265e-01 9.990621209144592285e-01 1.499071251600980759e-03
4.888626763751524051e-01 1.000185847282409668e+00 1.490110531449317932e-03
4.889195686068013580e-01 9.989463686943054199e-01 1.495535019785165787e-03
4.889615989488075298e-01 1.001393079757690430e+00 1.496669719927012920e-03
4.889893694552857051e-01 9.984031915664672852e-01 1.498297671787440777e-03
4.890284752748070840e-01 1.002505660057067871e+00 1.492026261985301971e-03
4.890853707863058730e-01 9.991239309310913086e-01 1.494464115239679813e-03
4.891274026292602439e-01 9.988391399383544922e-01 1.496440032497048378e-03
4.891551766935415824e-01 9.996021389961242676e-01 1.499907113611698151e-03
4.891942741188711197e-01 9.994869232177734375e-01 1.490623457357287407e-03
4.892511729101111095e-01 9.993706941604614258e-01 1.494904397986829281e-03
4.892932063653578911e-01 9.981684088706970215e-01 1.495516858994960785e-03
4.893209838762067609e-01 9.985533356666564941e-01 1.498627709224820137e-03
4.893600729629351553e-01 1.001194953918457031e+00 1.490851282142102718e-03
4.894169750897242044e-01 9.969918131828308105e-01 1.494679949246346951e-03
4.894590101012926686e-01 9.994164705276489258e-01 1.495808362960815430e-03
4.894867911145712180e-01 9.998958706855773926e-01 1.499769859947264194e-03
4.895258718069991910e-01 1.002268671989440918e+00 1.491019036620855331e-03
4.895827772693372437e-01 1.000257968902587891e+00 1.496584620326757431e-03
4.896248137817453827e-01 1.001443505287170410e+00 1.498015248216688633e-03
4.896525983528270398e-01 9.984340071678161621e-01 1.498929224908351898e-03
4.896916707065452901e-01 9.986297488212585449e-01 1.489482121542096138e-03
4.897485793931424802e-01 1.001698613166809082e+00 1.496363664045929909e-03
4.897906175177887400e-01 1.001388669013977051e+00 1.497480669058859348e-03
4.898184055353836386e-01 1.001282215118408203e+00 1.499926554970443249e-03
4.898574695506636156e-01 9.994196295738220215e-01 1.489973044954240322e-03
4.899143815727012852e-01 1.000430226325988770e+00 1.495059696026146412e-03
4.899564212538321528e-01 1.000411629676818848e+00 1.497041783295571804e-03
4.899842127181031071e-01 1.001471757888793945e+00 1.501399907283484936e-03
4.900232683947819412e-01 1.001607537269592285e+00 1.491351285949349403e-03
4.900801836966693914e-01 9.997014999389648438e-01 1.495841541327536106e-03
4.901222249342848114e-01 9.990863800048828125e-01 1.496264012530446053e-03
4.901500199564132743e-01 1.000961899757385254e+00 1.499991631135344505e-03
4.901890672387373971e-01 9.974967837333679199e-01 1.488432055339217186e-03
4.902459858760652711e-01 9.999524950981140137e-01 1.495470991358160973e-03
4.902880286703282242e-01 1.000683307647705078e+00 1.496477867476642132e-03
4.903158271389698730e-01 9.983735680580139160e-01 1.498698838986456394e-03
4.903548660828014327e-01 1.001775622367858887e+00 1.491652918048202991e-03
4.904117879999790874e-01 9.991669058799743652e-01 1.495152944698929787e-03
4.904538324062630017e-01 1.001770615577697754e+00 1.497257268056273460e-03
4.904816343772257503e-01 9.997298717498779297e-01 1.498475787229835987e-03
4.905206649268654684e-01 9.993228316307067871e-01 1.489616814069449902e-03
4.905775901794836025e-01 1.001040697097778320e+00 1.495211967267096043e-03
4.906196360867700057e-01 1.003078818321228027e+00 1.496846089139580727e-03
4.906474415598909289e-01 9.988566637039184570e-01 1.499154488556087017e-03
4.906864638264659129e-01 1.001894116401672363e+00 1.490073511376976967e-03
4.907433923589338276e-01 9.998307228088378906e-01 1.495534321293234825e-03
4.907854398228133630e-01 9.994710087776184082e-01 1.496317447163164616e-03
4.908132487981467507e-01 9.990822076797485352e-01 1.498652738519012928e-03
4.908522626705299485e-01 1.001089334487915039e+00 1.491563278250396252e-03
4.909091944828476439e-01 1.000962853431701660e+00 1.496310811489820480e-03
4.909512435032117872e-01 1.001734375953674316e+00 1.497046207077801228e-03
4.909790559808119292e-01 9.994279742240905762e-01 1.499813981354236603e-03
4.910180615146482741e-01 1.000149130821228027e+00 1.489989459514617920e-03
4.910749966624063934e-01 9.993629455566406250e-01 1.494794152677059174e-03
4.911170472392551445e-01 9.986015558242797852e-01 1.495985314249992371e-03
4.911448631634771078e-01 1.000680804252624512e+00 1.499749720096588135e-03
4.911838603586037300e-01 9.974353313446044922e-01 1.488796435296535492e-03
4.912407987863202097e-01 9.994176626205444336e-01 1.495488104410469532e-03
4.912828509197078586e-01 1.001246094703674316e+00 1.497259479947388172e-03
4.913106704016244053e-01 9.985553026199340820e-01 1.499778823927044868e-03
4.913496592026677656e-01 9.994565844535827637e-01 1.489233574829995632e-03
4.914066009658247247e-01 9.995408058166503906e-01 1.494780066423118114e-03
4.914486546556969260e-01 1.000078678131103516e+00 1.497007557190954685e-03
4.914764775842895839e-01 1.002587676048278809e+00 1.500199548900127411e-03
4.915154580467317458e-01 1.000062584877014160e+00 1.491405535489320755e-03
4.915724030896299612e-01 9.995918273925781250e-01 1.495835022069513798e-03
4.916144583917945732e-01 9.999603629112243652e-01 1.496355864219367504e-03
4.916422847669547624e-01 9.988647103309631348e-01 1.499086502008140087e-03
4.916812568908500714e-01 9.999917745590209961e-01 1.489846734330058098e-03
4.917382052135980675e-01 1.002826690673828125e+00 1.496886834502220154e-03
4.917802620723558671e-01 1.003397345542907715e+00 1.498992322012782097e-03
4.918080920052106397e-01 1.002487540245056152e+00 1.499501289799809456e-03
4.918470557350226868e-01 1.001354455947875977e+00 1.491183880716562271e-03
4.919040073931568169e-01 9.998785853385925293e-01 1.495747826993465424e-03
4.919460658083449345e-01 9.998174905776977539e-01 1.497105462476611137e-03
4.919738991878758183e-01 9.979120492935180664e-01 1.498576370067894459e-03
4.920128545790867225e-01 9.983226656913757324e-01 1.489541726186871529e-03
4.920698095169621089e-01 9.989548921585083008e-01 1.495726406574249268e-03
4.921118694887976486e-01 1.000583171844482422e+00 1.497024903073906898e-03
4.921397063705409969e-01 9.996916055679321289e-01 1.499419216997921467e-03
4.921786534230964683e-01 9.983071088790893555e-01 1.489653135649859905e-03
4.922356116964665684e-01 9.983635544776916504e-01 1.494157942943274975e-03
4.922776732248952958e-01 1.000371694564819336e+00 1.496781944297254086e-03
4.923055136086882944e-01 9.985496997833251953e-01 1.498896162956953049e-03
4.923444522671605039e-01 9.959397315979003906e-01 1.488222624175250530e-03
4.924014138203803848e-01 1.000156044960021973e+00 1.495169592089951038e-03
4.924434769052394301e-01 1.000474333763122559e+00 1.496950280852615833e-03
4.924713207914077628e-01 9.989895224571228027e-01 1.499277655966579914e-03
4.925102511112245396e-01 9.983026981353759766e-01 1.489468966610729694e-03
4.925672159998306099e-01 9.987550377845764160e-01 1.494763651862740517e-03
4.926092806412827874e-01 1.001220107078552246e+00 1.496682874858379364e-03
4.926371279740729414e-01 1.001589298248291016e+00 1.499846577644348145e-03
4.926760500107706942e-01 1.001241803169250488e+00 1.490853494033217430e-03
4.927330181237444262e-01 1.000460982322692871e+00 1.496049924753606319e-03
4.927750843217355015e-01 9.998996257781982422e-01 1.496856217272579670e-03
4.928029351566838301e-01 9.988794922828674316e-01 1.499154954217374325e-03
4.928418488548890197e-01 9.978409409523010254e-01 1.489287009462714195e-03
4.928988202477125324e-01 1.000549793243408203e+00 1.495193922892212868e-03
4.929408880021882156e-01 9.997987747192382812e-01 1.496222335845232010e-03
4.929687423949397074e-01 9.994185566902160645e-01 1.499066711403429508e-03
4.930076476990072898e-01 1.001515984535217285e+00 1.491492497734725475e-03
4.930646224271084677e-01 9.986214041709899902e-01 1.495707780122756958e-03
4.931066917382315729e-01 1.001572370529174805e+00 1.497204182669520378e-03
4.931345495776048860e-01 1.001012086868286133e+00 1.500374055467545986e-03
4.931734465429627456e-01 1.000524640083312988e+00 1.490276539698243141e-03
4.932304245510222840e-01 9.999873638153076172e-01 1.494567142799496651e-03
4.932724954186842869e-01 9.997368454933166504e-01 1.497359713539481163e-03
4.933003567602157746e-01 9.989819526672363281e-01 1.499346573837101460e-03
4.933392453870267813e-01 1.001775503158569336e+00 1.491507049649953842e-03
4.933962267305267435e-01 9.974080324172973633e-01 1.494502881541848183e-03
4.934382991546190644e-01 1.001118183135986328e+00 1.496913144364953041e-03
4.934661639428266633e-01 9.984669685363769531e-01 1.498891273513436317e-03
4.935050442310908170e-01 1.000694751739501953e+00 1.490412978455424309e-03
4.935620288544405598e-01 9.979161620140075684e-01 1.493409858085215092e-03
4.936041028351260684e-01 9.993596673011779785e-01 1.496860291808843613e-03
4.936319711254918419e-01 1.000974059104919434e+00 1.500091049820184708e-03
4.936708430751005627e-01 1.000328779220581055e+00 1.490519847720861435e-03
4.937278309783543762e-01 1.003158688545227051e+00 1.497135031968355179e-03
4.937699065711694257e-01 9.994043111801147461e-01 1.496192882768809795e-03
4.937977783637476636e-01 9.998543858528137207e-01 1.500064856372773647e-03
4.938366418635739552e-01 1.000413298606872559e+00 1.489703427068889141e-03
4.938936331578588912e-01 1.002900600433349609e+00 1.496703480370342731e-03
4.939357102515678499e-01 1.000987291336059570e+00 1.497198943980038166e-03
4.939635855464128977e-01 1.001840949058532715e+00 1.499705482274293900e-03
4.940024407076922808e-01 1.002300500869750977e+00 1.491505652666091919e-03
4.940594352817727075e-01 9.999626874923706055e-01 1.495186355896294117e-03
4.941015139320205640e-01 9.987806081771850586e-01 1.495906035415828228e-03
4.941293927291866006e-01 9.997613430023193359e-01 1.500903163105249405e-03
4.941682395516477366e-01 9.999550580978393555e-01 1.491234288550913334e-03
4.942252374057951037e-01 9.999110102653503418e-01 1.496255863457918167e-03
4.942673176680639213e-01 1.001155376434326172e+00 1.497482531704008579e-03
4.942951999118518347e-01 9.995974302291870117e-01 1.499401871114969254e-03
4.943340383957117723e-01 1.001639366149902344e+00 1.490822178311645985e-03
4.943910395852995632e-01 1.000007748603820801e+00 1.495358999818563461e-03
4.944331213484623455e-01 1.000511646270751953e+00 1.495781354606151581e-03
4.944610070944627234e-01 1.001147150993347168e+00 1.501214690506458282e-03
4.944998372397758080e-01 9.999237656593322754e-01 1.490276306867599487e-03
4.945568417091047997e-01 9.991890192031860352e-01 1.495242351666092873e-03
4.945989250289150596e-01 9.988592267036437988e-01 1.496700337156653404e-03
4.946268142771279019e-01 1.000691652297973633e+00 1.499164151027798653e-03
4.946656360838397881e-01 9.961119294166564941e-01 1.488611102104187012e-03
4.947226438330729059e-01 9.992384910583496094e-01 1.495108357630670071e-03
4.947647287650127068e-01 1.003514528274536133e+00 1.498521887697279453e-03
4.947926214598473704e-01 9.981925487518310547e-01 1.498525962233543396e-03
4.948314349279038238e-01 9.992835521697998047e-01 1.489659654907882214e-03
4.948884459570410121e-01 1.002420544624328613e+00 1.496036187745630741e-03
4.949305324453568411e-01 9.971653223037719727e-01 1.496021868661046028e-03
4.949584286424039692e-01 1.000331282615661621e+00 1.500172773376107216e-03
4.949972337719678595e-01 9.999070763587951660e-01 1.489965943619608879e-03
4.950542481364369474e-01 9.992222189903259277e-01 1.495318487286567688e-03
4.950963361258094997e-01 9.975916147232055664e-01 1.495661213994026184e-03
4.951242358250691478e-01 9.990239143371582031e-01 1.499534700997173786e-03
4.951630326159233153e-01 9.992011785507202148e-01 1.489497488364577293e-03
4.952200502603507637e-01 9.995658993721008301e-01 1.494865980930626392e-03
4.952621398618529125e-01 9.972307085990905762e-01 1.495691598393023014e-03
4.952900430077343263e-01 1.000234127044677734e+00 1.498873112723231316e-03
4.953288314600416409e-01 9.993265867233276367e-01 1.489532995037734509e-03
4.953858523842645800e-01 9.995545148849487305e-01 1.495604868978261948e-03
4.954279435423055711e-01 9.987255334854125977e-01 1.495511503890156746e-03
4.954558501903995049e-01 9.970855116844177246e-01 1.497991383075714111e-03
4.954946303041056765e-01 9.960418939590454102e-01 1.488139620050787926e-03
4.955516545081241064e-01 9.984741806983947754e-01 1.494899974204599857e-03
4.955937472227582852e-01 1.000547528266906738e+00 1.496860757470130920e-03
4.956216573730646835e-01 9.966947436332702637e-01 1.499351463280618191e-03
4.956604291481154223e-01 9.965701699256896973e-01 1.487962319515645504e-03
4.957174566876286215e-01 9.977899789810180664e-01 1.494244323112070560e-03
4.957595509588016425e-01 1.000731110572814941e+00 1.497080083936452866e-03
4.957874645557298621e-01 9.956740140914916992e-01 1.497809891588985920e-03
4.958262279365888148e-01 9.941371679306030273e-01 1.487419940531253815e-03
4.958832588115967277e-01 9.980360269546508789e-01 1.493932795710861683e-03
4.959253546391457768e-01 9.991476535797119141e-01 1.495953649282455444e-03
4.959532717382864608e-01 9.974778890609741211e-01 1.499085803516209126e-03
4.959920267806528504e-01 9.976715445518493652e-01 1.489201327785849571e-03
4.960490609354019642e-01 9.978615045547485352e-01 1.493160729296505451e-03
4.960911583196527808e-01 9.975072741508483887e-01 1.494987169280648232e-03
4.961190789210059293e-01 1.000170350074768066e+00 1.499233418144285679e-03
4.961578256246625962e-01 9.972528219223022461e-01 1.488968380726873875e-03
4.962148630593157805e-01 9.951277971267700195e-01 1.492293551564216614e-03
4.962569620001054949e-01 9.983202219009399414e-01 1.495808595791459084e-03
4.962848861036711079e-01 9.966837167739868164e-01 1.497762394137680531e-03
4.963236244687265764e-01 9.980759024620056152e-01 1.488074660301208496e-03
4.963806651832295969e-01 9.951969385147094727e-01 1.492811832576990128e-03
4.964227657361488522e-01 9.970299601554870605e-01 1.494754920713603497e-03
4.964506932862819966e-01 9.938033819198608398e-01 1.495917909778654575e-03
4.964894233128991918e-01 9.965138435363769531e-01 1.487593399360775948e-03
4.965464673627341119e-01 9.925825595855712891e-01 1.491883071139454842e-03
4.965885694167101461e-01 9.943779110908508301e-01 1.494797295890748501e-03
4.966165004689472307e-01 9.965525269508361816e-01 1.497809425927698612e-03
4.966552221569632275e-01 9.972800016403198242e-01 1.488778041675686836e-03
4.967122694866479282e-01 9.924272298812866211e-01 1.491213450208306313e-03
4.967543730971628047e-01 9.946657419204711914e-01 1.494153053499758244e-03
4.967823076516124092e-01 9.919859170913696289e-01 1.496102777309715748e-03
4.968210209454366200e-01 9.958847761154174805e-01 1.488141715526580811e-03
4.968780716105617445e-01 9.945641756057739258e-01 1.492744544520974159e-03
4.969201767776155187e-01 9.946539998054504395e-01 1.494189957156777382e-03
4.969481148342232979e-01 9.950736761093139648e-01 1.497722114436328411e-03
4.969868197895549455e-01 9.937897324562072754e-01 1.486199675127863884e-03
4.970438737343669811e-01 9.942523241043090820e-01 1.492781797423958778e-03
4.970859804581225228e-01 9.946399331092834473e-01 1.493871677666902542e-03
4.971139220168884765e-01 9.932548403739929199e-01 1.495811855420470238e-03
4.971526186335104014e-01 9.932847023010253906e-01 1.486012944951653481e-03
4.972096758583350873e-01 9.920052289962768555e-01 1.491041271947324276e-03
4.972517841940573002e-01 9.952456355094909668e-01 1.493363059125840664e-03
4.972797291996079450e-01 9.930568337440490723e-01 1.495984732173383236e-03
4.973184174775744371e-01 9.947366118431091309e-01 1.487095723859965801e-03
4.973754779822489036e-01 9.953265786170959473e-01 1.492673880420625210e-03
4.974175878745100143e-01 9.933041930198669434e-01 1.493474701419472694e-03
4.974455363821645437e-01 9.940473437309265137e-01 1.496164128184318542e-03
4.974842163216384172e-01 9.930109381675720215e-01 1.487154513597488403e-03
4.975412801616990732e-01 9.931266903877258301e-01 1.491670729592442513e-03
4.975833915549627284e-01 9.952811598777770996e-01 1.493129995651543140e-03
4.976113435092390236e-01 9.938904047012329102e-01 1.497021177783608437e-03
4.976500151101118097e-01 9.916367530822753906e-01 1.485385117121040821e-03
4.977070822856128895e-01 9.915542602539062500e-01 1.490900991484522820e-03
4.977491952354153870e-01 9.946117997169494629e-01 1.493882387876510620e-03
4.977771506919042022e-01 9.916799664497375488e-01 1.494907075539231300e-03
4.978158139541758453e-01 9.963651299476623535e-01 1.487602712586522102e-03
4.978728844095267059e-01 9.925534129142761230e-01 1.492070616222918034e-03
4.979149989158681011e-01 9.925212264060974121e-01 1.492294133640825748e-03
4.979429578745693807e-01 9.913536310195922852e-01 1.495652017183601856e-03
4.979816127982398810e-01 9.928509593009948730e-01 1.487088855355978012e-03
4.980386865333862323e-01 9.912024140357971191e-01 1.490849419496953487e-03
4.980808025963208152e-01 9.941748380661010742e-01 1.494161784648895264e-03
4.981087650572346148e-01 9.916058778762817383e-01 1.495296019129455090e-03
4.981474116421953369e-01 9.942709207534790039e-01 1.486912020482122898e-03
4.982044886573001041e-01 9.920277595520019531e-01 1.490557217039167881e-03
4.982466063322555927e-01 9.911996722221374512e-01 1.492515089921653271e-03
4.982745722398997934e-01 9.924558997154235840e-01 1.495633507147431374e-03
4.983132104307229637e-01 9.948389530181884766e-01 1.487509114667773247e-03
4.983702907812682104e-01 9.912741184234619141e-01 1.490552444010972977e-03
4.984124100127625967e-01 9.933422207832336426e-01 1.493535237386822701e-03
4.984403793668656935e-01 9.919891357421875000e-01 1.496344688348472118e-03
4.984790092747869994e-01 9.907929897308349609e-01 1.485930522903800011e-03
4.985360929050734469e-01 9.943171739578247070e-01 1.492156065069139004e-03
4.985782136932153108e-01 9.934201836585998535e-01 1.494588912464678288e-03
4.986061865495851619e-01 9.925883412361145020e-01 1.496489392593502998e-03
4.986448081187967452e-01 9.902631640434265137e-01 1.484640873968601227e-03
4.987018950289872632e-01 9.911342263221740723e-01 1.490286900661885738e-03
4.987440173736136795e-01 9.922835826873779297e-01 1.492929761298000813e-03
4.987719937323046304e-01 9.909393787384033203e-01 1.494631171226501465e-03
4.988106069072700821e-01 9.921181201934814453e-01 1.486788969486951828e-03
4.988676971530096593e-01 9.898276925086975098e-01 1.489836839027702808e-03
4.989098210540663936e-01 9.912441372871398926e-01 1.491767703555524349e-03
4.989378009149698090e-01 9.902094602584838867e-01 1.494401483796536922e-03
4.989764057513341178e-01 9.911817908287048340e-01 1.484910026192665100e-03
4.990334992769234757e-01 9.935232400894165039e-01 1.492379349656403065e-03
4.990756247345191077e-01 9.942638278007507324e-01 1.493795658461749554e-03
4.991036080420986343e-01 9.933273196220397949e-01 1.495265169069170952e-03
4.991422045953438635e-01 9.936324357986450195e-01 1.487334608100354671e-03
4.991993014008372920e-01 9.915076494216918945e-01 1.490965718403458595e-03
4.992414284149175319e-01 9.937222599983215332e-01 1.492838026024401188e-03
4.992694152247638129e-01 9.914573431015014648e-01 1.494108582846820354e-03
4.993080033838172560e-01 9.897010326385498047e-01 1.485394896008074284e-03
4.993651035247511083e-01 9.912323951721191406e-01 1.490377122536301613e-03
4.994072320953701905e-01 9.923262596130371094e-01 1.492527779191732407e-03
4.994352224073747015e-01 9.908081889152526855e-01 1.494811731390655041e-03
4.994738022279355816e-01 9.920500516891479492e-01 1.485871500335633755e-03
4.995309056486649246e-01 9.919825196266174316e-01 1.491144532337784767e-03
4.995730357758771945e-01 9.927656650543212891e-01 1.492481096647679806e-03
4.996010295344491814e-01 9.892921447753906250e-01 1.493504038080573082e-03
4.996396010718910374e-01 9.921008348464965820e-01 1.485976390540599823e-03
4.996967077725787409e-01 9.901093244552612305e-01 1.490714959800243378e-03
4.997388394562213287e-01 9.936189651489257812e-01 1.492861774750053883e-03
4.997668367171143600e-01 9.895281195640563965e-01 1.494872500188648701e-03
4.998053998603643744e-01 9.921705126762390137e-01 1.486097229644656181e-03
4.998625098964925573e-01 9.898613691329956055e-01 1.490366412326693535e-03
4.999046431366739873e-01 9.919805526733398438e-01 1.491880160756409168e-03
4.999326438997253041e-01 9.920335412025451660e-01 1.494892057962715626e-03
4.999711987044284101e-01 9.868241548538208008e-01 1.483629457652568817e-03
5.000283120202977383e-01 9.916092157363891602e-01 1.491600880399346352e-03
5.000704468171267569e-01 9.922226071357727051e-01 1.491785049438476562e-03
5.000984510267455496e-01 9.945626854896545410e-01 1.496209064498543739e-03
5.001369975484923902e-01 9.904940128326416016e-01 1.485234010033309460e-03
5.001941141442658445e-01 9.894277453422546387e-01 1.489817397668957710e-03
5.002362504975793600e-01 9.901028275489807129e-01 1.491685630753636360e-03
5.002642582094106727e-01 9.910869598388671875e-01 1.494720694608986378e-03
5.003027963369658382e-01 9.896855950355529785e-01 1.484467531554400921e-03
5.003599162681796608e-01 9.911751151084899902e-01 1.491263858042657375e-03
5.004020541780320741e-01 9.917389154434204102e-01 1.492612762376666069e-03
5.004300653920759068e-01 9.901611208915710449e-01 1.493867021054029465e-03
5.004685951810298183e-01 9.928323626518249512e-01 1.487198635004460812e-03
5.005257183920391872e-01 9.902588725090026855e-01 1.489919843152165413e-03
5.005678578584847882e-01 9.920055270195007324e-01 1.492046169005334377e-03
5.005958725190418068e-01 9.924901723861694336e-01 1.494905678555369377e-03
5.006343940249853297e-01 9.911348223686218262e-01 1.485855202190577984e-03
5.006915205159530036e-01 9.883344173431396484e-01 1.488716690801084042e-03
5.007336615388289225e-01 9.933717250823974609e-01 1.493630930781364441e-03
5.007616797017612198e-01 9.911758303642272949e-01 1.494825351983308792e-03
5.008001928135129566e-01 9.907104969024658203e-01 1.485026907175779343e-03
5.008573226398669309e-01 9.909758567810058594e-01 1.491183880716562271e-03
5.008994652193359265e-01 9.934923052787780762e-01 1.493123127147555351e-03
5.009274868288901006e-01 9.932594895362854004e-01 1.496926532126963139e-03
5.009659916575769367e-01 9.897174239158630371e-01 1.483547384850680828e-03
5.010231247637264573e-01 9.913596510887145996e-01 1.491730683483183384e-03
5.010652688998429305e-01 9.922904372215270996e-01 1.491746515966951847e-03
5.010932940114466438e-01 9.903283715248107910e-01 1.494124531745910645e-03
5.011317904460502737e-01 9.926332235336303711e-01 1.485241344198584557e-03
5.011889268876402737e-01 9.922484755516052246e-01 1.491730450652539730e-03
5.012310725802956446e-01 9.921250939369201660e-01 1.492342445999383926e-03
5.012591011385211237e-01 9.927000403404235840e-01 1.495356438681483269e-03
5.012975892902229447e-01 9.969766139984130859e-01 1.487130997702479362e-03
5.013547289560176257e-01 9.916051626205444336e-01 1.490852562710642815e-03
5.013968762608026486e-01 9.928890466690063477e-01 1.493101706728339195e-03
5.014249083211863578e-01 9.907253384590148926e-01 1.495772972702980042e-03
5.014633881342869248e-01 9.919095635414123535e-01 1.485597342252731323e-03
5.015205310798228622e-01 9.907518625259399414e-01 1.490549882873892784e-03
5.015626799412552517e-01 9.927583336830139160e-01 1.492663286626338959e-03
5.015907154482608377e-01 9.918282628059387207e-01 1.494809286668896675e-03
5.016291869227060829e-01 9.926581978797912598e-01 1.485845888964831829e-03
5.016863332037366785e-01 9.909341335296630859e-01 1.490778056904673576e-03
5.017284836216536759e-01 9.953272938728332520e-01 1.494134543463587761e-03
5.017565226309260717e-01 9.917224049568176270e-01 1.495105214416980743e-03
5.017949857667700631e-01 9.943513274192810059e-01 1.486308523453772068e-03
5.018521353276504948e-01 9.924090504646301270e-01 1.492418232373893261e-03
5.018942873021063900e-01 9.957322478294372559e-01 1.494140597060322762e-03
5.019223297580005516e-01 9.889932274818420410e-01 1.494064345024526119e-03
5.019607845552434000e-01 9.950270652770996094e-01 1.486467779614031315e-03
5.020179374515643111e-01 9.898606538772583008e-01 1.489783637225627899e-03
5.020600909825591041e-01 9.925337433815002441e-01 1.492767711170017719e-03
5.020881369405572059e-01 9.941671490669250488e-01 1.495965407229959965e-03
5.021265833992532013e-01 9.938126802444458008e-01 1.487387344241142273e-03
5.021837395754781275e-01 9.927636981010437012e-01 1.491279224865138531e-03
5.022258946629575282e-01 9.978536367416381836e-01 1.495167729444801807e-03
5.022539440676316858e-01 9.924317598342895508e-01 1.495520002208650112e-03
5.022923821877265382e-01 9.928173422813415527e-01 1.486571971327066422e-03
5.023495416993919438e-01 9.945060610771179199e-01 1.492073759436607361e-03
5.023916983434102423e-01 9.959321022033691406e-01 1.494464464485645294e-03
5.024197512502968088e-01 9.918812513351440430e-01 1.495519652962684631e-03
5.024581810318448083e-01 9.932377338409423828e-01 1.486054621636867523e-03
5.025153437676065371e-01 9.916778802871704102e-01 1.491428469307720661e-03
5.025575020239172463e-01 9.953753948211669922e-01 1.493830000981688499e-03
5.025855583773713997e-01 9.951309561729431152e-01 1.496421755291521549e-03
5.026239798202096765e-01 9.925694465637207031e-01 1.486610271967947483e-03
5.026811458915746433e-01 9.911767840385437012e-01 1.492185983806848526e-03
5.027233056486706264e-01 9.948273301124572754e-01 1.494008000008761883e-03
5.027513655600365228e-01 9.882562160491943359e-01 1.494030933827161789e-03
5.027897786642736566e-01 9.926048517227172852e-01 1.486294902861118317e-03
5.028469480154884597e-01 9.935614466667175293e-01 1.491967006586492062e-03
5.028891093291233405e-01 9.949581623077392578e-01 1.493869116529822350e-03
5.029171726871110026e-01 9.942609071731567383e-01 1.497980440035462379e-03
5.029555774527469936e-01 9.942661523818969727e-01 1.486627385020256042e-03
5.030127501393479861e-01 9.929125308990478516e-01 1.491412986069917679e-03
5.030549130095760546e-01 9.934778809547424316e-01 1.493003685027360916e-03
5.030829798140770137e-01 9.953507781028747559e-01 1.497120829299092293e-03
5.031213762968110847e-01 9.956545233726501465e-01 1.488665235228836536e-03
5.031785522632618024e-01 9.945311546325683594e-01 1.492666779085993767e-03
5.032207166900287687e-01 9.917153120040893555e-01 1.492386916652321815e-03
5.032487869967964267e-01 9.958306550979614258e-01 1.496887532994151115e-03
5.032871750852844217e-01 9.969201683998107910e-01 1.488060224801301956e-03
5.033443543315849755e-01 9.960200190544128418e-01 1.493203919380903244e-03
5.033865203704814828e-01 9.954919219017028809e-01 1.494138152338564396e-03
5.034145941239794864e-01 9.956976175308227539e-01 1.497269375249743462e-03
5.034529739293484019e-01 9.958015680313110352e-01 1.487904228270053864e-03
5.035101564554987918e-01 9.926606416702270508e-01 1.491451985202729702e-03
5.035523240509341969e-01 9.961264729499816895e-01 1.494303811341524124e-03
5.035804012510540772e-01 9.959170818328857422e-01 1.497402787208557129e-03
5.036187727177132700e-01 9.943012595176696777e-01 1.487149507738649845e-03
5.036759585795211880e-01 9.955019354820251465e-01 1.493087969720363617e-03
5.037181276756875770e-01 9.947144985198974609e-01 1.493530115112662315e-03
5.037462084337192003e-01 9.947052001953125000e-01 1.496447133831679821e-03
5.037845715618315401e-01 9.964875578880310059e-01 1.488400273956358433e-03
5.038417607034350043e-01 9.969164133071899414e-01 1.493890886195003986e-03
5.038839313561945810e-01 9.964725971221923828e-01 1.494523952715098858e-03
5.039120155608479701e-01 9.980187416076660156e-01 1.498864265158772469e-03
5.039503703503048770e-01 1.001555919647216797e+00 1.491037546657025814e-03
5.040075627717038875e-01 9.969734549522399902e-01 1.494273776188492775e-03
5.040497350366472951e-01 9.974425435066223145e-01 1.495435251854360104e-03
5.040778226878139812e-01 9.990209937095642090e-01 1.498867175541818142e-03
5.041161691943146783e-01 9.966233968734741211e-01 1.489655463956296444e-03
5.041733648956177039e-01 9.947052001953125000e-01 1.492507290095090866e-03
5.042155387170457193e-01 9.981209635734558105e-01 1.495923264883458614e-03
5.042436298704791042e-01 9.969868659973144531e-01 1.498257974162697792e-03
5.042819679827880153e-01 9.964070320129394531e-01 1.487912959419190884e-03
5.043391670195858101e-01 9.993153214454650879e-01 1.495224540121853352e-03
5.043813423419076791e-01 9.984189867973327637e-01 1.495282747782766819e-03
5.044094369975535841e-01 9.980404376983642578e-01 1.497900695540010929e-03
5.044477667712613522e-01 1.000860095024108887e+00 1.489932648837566376e-03
5.045049690879088722e-01 1.002048492431640625e+00 1.496317563578486443e-03
5.045471460223603932e-01 1.001353621482849121e+00 1.496893470175564289e-03
5.045752441246281750e-01 9.982149600982666016e-01 1.498024910688400269e-03
5.046135656152711535e-01 1.001109600067138672e+00 1.490607275627553463e-03
5.046707712118226885e-01 9.977489113807678223e-01 1.494914642535150051e-03
5.047129497027045275e-01 9.989455938339233398e-01 1.496134675107896328e-03
5.047410513072932980e-01 9.976723790168762207e-01 1.498661586083471775e-03
5.047793644037444905e-01 1.000608563423156738e+00 1.492191338911652565e-03
5.048365733356280360e-01 9.999589920043945312e-01 1.494972733780741692e-03
5.048787533832115315e-01 1.001010179519653320e+00 1.496889046393334866e-03
5.049068584343677779e-01 9.982516765594482422e-01 1.498601282946765423e-03
5.049451632478627605e-01 9.968234896659851074e-01 1.488865585997700691e-03
5.050023754040053880e-01 9.987030625343322754e-01 1.495462609454989433e-03
5.050445570081278923e-01 9.992343187332153320e-01 1.495993114076554775e-03
5.050726655613337890e-01 1.000160336494445801e+00 1.500177662819623947e-03
5.051109620362276287e-01 1.001945614814758301e+00 1.490940572693943977e-03
5.051681775279192044e-01 9.987205266952514648e-01 1.494626631028950214e-03
5.052103606884719156e-01 9.984385371208190918e-01 1.495483680628240108e-03
5.052384726884082689e-01 9.985588788986206055e-01 1.499586156569421291e-03
5.052767608247009656e-01 9.997105598449707031e-01 1.489762798883020878e-03
5.053339796517787308e-01 9.998304843902587891e-01 1.494413008913397789e-03
5.053761643689246297e-01 1.001553177833557129e+00 1.497530494816601276e-03
5.054042798154827487e-01 1.001616954803466797e+00 1.499600941315293312e-03
5.054425596687649458e-01 9.986619353294372559e-01 1.488810172304511070e-03
5.054997817201019039e-01 1.000549077987670898e+00 1.494671683758497238e-03
5.055419679937867006e-01 9.979119300842285156e-01 1.496313372626900673e-03
5.055700869981479828e-01 9.994054436683654785e-01 1.499312580563127995e-03
5.056083584572382827e-01 9.986311793327331543e-01 1.489788875915110111e-03
5.056655838440157202e-01 9.988206624984741211e-01 1.494671101681888103e-03
5.057077716741851248e-01 1.001030683517456055e+00 1.497315242886543274e-03
5.057358941252224627e-01 9.996566772460937500e-01 1.500388956628739834e-03
5.057741573013023739e-01 9.988312721252441406e-01 1.490233582444489002e-03
5.058313859678752467e-01 9.993047118186950684e-01 1.495642471127212048e-03
5.058735753546921288e-01 1.001056671142578125e+00 1.497285556979477406e-03
5.059017012522969425e-01 1.001849651336669922e+00 1.499981386587023735e-03
5.059399560898300008e-01 1.001201033592224121e+00 1.490350929088890553e-03
5.059971880361984198e-01 9.992790222167968750e-01 1.495454809628427029e-03
5.060393789796626685e-01 9.994385838508605957e-01 1.496665063314139843e-03
5.060675083792629536e-01 9.999773502349853516e-01 1.499168458394706249e-03
5.061057548783576276e-01 9.985692501068115234e-01 1.489276881329715252e-03
5.061629901601665260e-01 9.997319579124450684e-01 1.495579839684069157e-03
5.062051826601153826e-01 1.000463128089904785e+00 1.496011158451437950e-03
5.062333155063917234e-01 9.985593557357788086e-01 1.499274978414177895e-03
5.062715537224217188e-01 9.993233084678649902e-01 1.490495982579886913e-03
5.063287922283811193e-01 9.991245269775390625e-01 1.494774478487670422e-03
5.063709863405680967e-01 9.996376037597656250e-01 1.496829907409846783e-03
5.063991226335204932e-01 1.002040982246398926e+00 1.500637154094874859e-03
5.064373525108950558e-01 9.979484081268310547e-01 1.489586196839809418e-03
5.064945943522949356e-01 1.000653862953186035e+00 1.495215808972716331e-03
5.065367899654300565e-01 9.994018673896789551e-01 1.496130018495023251e-03
5.065649297604863932e-01 9.994465708732604980e-01 1.498974161222577095e-03
5.066031512992598129e-01 9.988195300102233887e-01 1.488721114583313465e-03
5.066603964762087520e-01 1.001446485519409180e+00 1.496346550993621349e-03
5.067025936457741908e-01 1.000247120857238770e+00 1.496906625106930733e-03
5.067307368874524043e-01 9.973461031913757324e-01 1.497992430813610554e-03
5.067689501433781940e-01 9.998399019241333008e-01 1.489809481427073479e-03
5.068261985445318141e-01 1.001018166542053223e+00 1.495714648626744747e-03
5.068683973262811948e-01 1.000633478164672852e+00 1.496797427535057068e-03
5.068965440701718173e-01 1.002521872520446777e+00 1.500184647738933563e-03
5.069347489318515310e-01 1.001852989196777344e+00 1.491228118538856506e-03
5.069920006684456304e-01 9.992817044258117676e-01 1.495111966505646706e-03
5.070342009511432657e-01 1.003618717193603516e+00 1.498489058576524258e-03
5.070623511972462971e-01 1.000144481658935547e+00 1.499150996096432209e-03
5.071005477202705780e-01 1.002202987670898438e+00 1.491799834184348583e-03
5.071578027367688035e-01 1.000773072242736816e+00 1.495117088779807091e-03
5.072000046315416899e-01 1.002302527427673340e+00 1.497047953307628632e-03
5.072281583242665981e-01 9.999126195907592773e-01 1.499988604336977005e-03
5.072663465087439150e-01 9.993394613265991211e-01 1.490017049945890903e-03
5.073236048605740400e-01 9.991888999938964844e-01 1.495747012086212635e-03
5.073658082564036498e-01 1.000766158103942871e+00 1.497811754234135151e-03
5.073939654513410780e-01 9.988911747932434082e-01 1.498717814683914185e-03
5.074321453528080061e-01 1.002426862716674805e+00 1.491262693889439106e-03
5.074894069289515031e-01 9.998103976249694824e-01 1.495322678238153458e-03
5.075316119368563639e-01 1.000803828239440918e+00 1.497016870416700840e-03
5.075597725784155578e-01 1.000344872474670410e+00 1.499346573837101460e-03
5.075979441412270532e-01 1.003962993621826172e+00 1.492955372668802738e-03
5.076552090528653194e-01 1.000672459602355957e+00 1.495515578426420689e-03
5.076974156172004982e-01 1.000579953193664551e+00 1.497424440458416939e-03
5.077255797054357478e-01 1.001307368278503418e+00 1.499898498877882957e-03
5.077637429297003901e-01 9.996718764305114746e-01 1.489476650021970272e-03
5.078210111211342026e-01 1.001740574836730957e+00 1.495980541221797466e-03
5.078632192421168590e-01 1.000042080879211426e+00 1.496310811489820480e-03
5.078913868325103387e-01 1.000780582427978516e+00 1.499503850936889648e-03
5.079295417738186602e-01 9.983558058738708496e-01 1.488983747549355030e-03
5.079868132450480189e-01 9.993786215782165527e-01 1.495354459621012211e-03
5.080290229226237519e-01 1.000590801239013672e+00 1.497414777986705303e-03
5.080571939596391084e-01 9.992349147796630859e-01 1.499033183790743351e-03
5.080953405621835284e-01 9.976955056190490723e-01 1.488763024099171162e-03
5.081526153133710810e-01 1.000281453132629395e+00 1.494842814281582832e-03
5.081948265473772430e-01 9.998008608818054199e-01 1.496624317951500416e-03
5.082230010867135883e-01 9.988544583320617676e-01 1.499235280789434910e-03
5.082611393506568653e-01 1.000023245811462402e+00 1.490267924964427948e-03
5.083184174372848974e-01 9.982351660728454590e-01 1.493997289799153805e-03
5.083606302278299571e-01 9.993340969085693359e-01 1.496358891017735004e-03
5.083888082138423581e-01 9.965045452117919922e-01 1.498386031016707420e-03
5.084269381391302023e-01 9.972573518753051758e-01 1.488337409682571888e-03
5.084842195057166503e-01 9.990688562393188477e-01 1.494759693741798401e-03
5.085264338526920280e-01 9.972560405731201172e-01 1.494806376285851002e-03
5.085546152853804847e-01 1.001539349555969238e+00 1.500271726399660110e-03
5.085927369831942935e-01 9.996358752250671387e-01 1.489958493039011955e-03
5.086500216296304666e-01 9.990459680557250977e-01 1.494807773269712925e-03
5.086922375331446311e-01 1.001471042633056641e+00 1.497425138950347900e-03
5.087204224123464957e-01 1.000741958618164062e+00 1.499589416198432446e-03
5.087585357716676304e-01 1.000067591667175293e+00 1.490465132519602776e-03
5.088158236978993498e-01 9.997736811637878418e-01 1.495431293733417988e-03
5.088580411580067020e-01 1.000499129295349121e+00 1.497324788942933083e-03
5.088862295394209756e-01 9.997208118438720703e-01 1.499512465670704842e-03
5.089243345601409674e-01 9.986721873283386230e-01 1.488516805693507195e-03
5.089816257662225230e-01 1.000896573066711426e+00 1.496368087828159332e-03
5.090238448384594161e-01 9.997233748435974121e-01 1.496723270975053310e-03
5.090520366664954555e-01 1.000070810317993164e+00 1.499332021921873093e-03
5.090901333485057245e-01 1.000865817070007324e+00 1.490630325861275196e-03
5.091474278901906292e-01 1.000492691993713379e+00 1.494604744948446751e-03
5.091896484632127962e-01 9.976769089698791504e-01 1.495766919106245041e-03
5.092178437935699353e-01 9.992725253105163574e-01 1.500064390711486340e-03
5.092559321925698157e-01 1.001824140548706055e+00 1.491548493504524231e-03
5.093132299584051115e-01 9.988692402839660645e-01 1.494936994276940823e-03
5.093554521436655103e-01 1.001242280006408691e+00 1.497762277722358704e-03
5.093836509206445262e-01 9.985291361808776855e-01 1.499025151133537292e-03
5.094217309810431527e-01 9.992223381996154785e-01 1.489580259658396244e-03
5.094790320823189278e-01 9.990851283073425293e-01 1.494418014772236347e-03
5.095212557685275812e-01 9.983388185501098633e-01 1.496426877565681934e-03
5.095494580477190061e-01 1.002122402191162109e+00 1.499719335697591305e-03
5.095875297695164896e-01 1.000060200691223145e+00 1.490534399636089802e-03
5.096448341506421009e-01 1.001479506492614746e+00 1.495718490332365036e-03
5.096870593933895410e-01 1.001897096633911133e+00 1.497098244726657867e-03
5.097152651746849061e-01 9.988526105880737305e-01 1.499282196164131165e-03
5.097533285579898266e-01 1.001594662666320801e+00 1.491154427640140057e-03
5.098106362189652740e-01 9.992646574974060059e-01 1.495499629527330399e-03
5.098528630738422551e-01 1.002584576606750488e+00 1.497367164120078087e-03
5.098810722462230327e-01 9.990035295486450195e-01 1.499326317571103573e-03
5.099191273464631635e-01 1.000871777534484863e+00 1.491161994636058807e-03
5.099764383428790904e-01 9.985393881797790527e-01 1.495156087912619114e-03
5.100186666987043260e-01 1.001416206359863281e+00 1.496548298746347427e-03
5.100468793732975126e-01 1.001804590225219727e+00 1.500271493569016457e-03
5.100849261348280317e-01 9.980706572532653809e-01 1.489246496930718422e-03
5.101422404112022635e-01 9.993537664413452148e-01 1.495160860940814018e-03
5.101844703790484603e-01 1.001173496246337891e+00 1.497143995948135853e-03
5.102126865003178136e-01 9.997323155403137207e-01 1.498446217738091946e-03
5.102507249789463017e-01 9.982964396476745605e-01 1.488766982220113277e-03
5.103080425350075000e-01 1.001212596893310547e+00 1.495615462772548199e-03
5.103502740039647101e-01 1.001806020736694336e+00 1.498041674494743347e-03
5.103784936273922934e-01 1.000425934791564941e+00 1.499683712609112263e-03
5.104165237674739286e-01 1.000256419181823730e+00 1.489284215494990349e-03
5.104738446033848520e-01 9.998819231986999512e-01 1.494444906711578369e-03
5.105160776288267810e-01 9.976026415824890137e-01 1.496575190685689449e-03
5.105443007544667733e-01 1.000290513038635254e+00 1.499554142355918884e-03
5.105823225559472656e-01 9.977824091911315918e-01 1.488762092776596546e-03
5.106396466717080251e-01 1.000591278076171875e+00 1.494766911491751671e-03
5.106818813092794951e-01 9.996871948242187500e-01 1.496009528636932373e-03
5.107101078258963200e-01 9.978952407836914062e-01 1.498952391557395458e-03
5.107481213444750034e-01 1.001404762268066406e+00 1.490121823735535145e-03
5.108054487955675516e-01 9.993293285369873047e-01 1.495636766776442528e-03
5.108476849342500348e-01 9.994075298309326172e-01 1.497066579759120941e-03
5.108759149529707999e-01 1.002178907394409180e+00 1.499522011727094650e-03
5.109139201330026303e-01 1.000847220420837402e+00 1.490375958383083344e-03
5.109712508638907247e-01 9.989925026893615723e-01 1.495051197707653046e-03
5.110134886147570388e-01 9.983149170875549316e-01 1.496046548709273338e-03
5.110417220800996807e-01 1.000094532966613770e+00 1.498798839747905731e-03
5.111370529322138978e-01 9.989790320396423340e-01 1.494247699156403542e-03
5.111792922395105299e-01 1.000855565071105957e+00 1.498066354542970657e-03
5.112075292070655808e-01 9.987705945968627930e-01 1.500251237303018570e-03
5.113028550004826700e-01 9.990863800048828125e-01 1.495024538598954678e-03
5.113450958643724897e-01 1.000915169715881348e+00 1.497247139923274517e-03
5.113733362785494174e-01 1.000347971916198730e+00 1.499364152550697327e-03
5.114686571243964863e-01 1.000736236572265625e+00 1.495173899456858635e-03
5.115108995448252038e-01 1.000717639923095703e+00 1.497061573900282383e-03
5.115391434056238973e-01 1.003482460975646973e+00 1.501146936789155006e-03
5.116344591927739494e-01 9.993343353271484375e-01 1.494958181865513325e-03
5.116767031696872747e-01 1.001161694526672363e+00 1.496741548180580139e-03
5.117049505326983772e-01 9.954205155372619629e-01 1.497081131674349308e-03
5.118002612609885427e-01 9.993147253990173340e-01 1.495188218541443348e-03
5.118425067945492346e-01 1.002010583877563477e+00 1.496932120062410831e-03
5.118707576041822138e-01 1.002016067504882812e+00 1.500636222772300243e-03
5.119660633293117158e-01 9.972272515296936035e-01 1.493871212005615234e-03
5.120083104750019487e-01 1.003203153610229492e+00 1.498322817496955395e-03
5.120365647312568047e-01 1.001800537109375000e+00 1.499864272773265839e-03
5.121318654532255321e-01 9.998151659965515137e-01 1.495371339842677116e-03
5.121741140997554398e-01 9.985616803169250488e-01 1.496472046710550785e-03
5.122023718582227048e-01 9.989838004112243652e-01 1.499421428889036179e-03
5.122976675215485942e-01 1.000969171524047852e+00 1.496403943747282028e-03
5.123399177246175107e-01 1.002566576004028320e+00 1.497913850471377373e-03
5.123681789297608313e-01 1.000770568847656250e+00 1.499930396676063538e-03
5.124634695898717673e-01 9.998941421508789062e-01 1.495959586463868618e-03
5.125057213494794706e-01 9.992958903312683105e-01 1.496249809861183167e-03
5.125339860568353112e-01 1.002508997917175293e+00 1.501471735537052155e-03
5.126292716581949405e-01 9.991524219512939453e-01 1.494884840212762356e-03
5.126715250299321847e-01 1.000279903411865234e+00 1.497440389357507229e-03
5.126997931282648580e-01 9.979569315910339355e-01 1.498797326348721981e-03
5.127950737820001770e-01 9.996213316917419434e-01 1.495429547503590584e-03
5.128373286547942556e-01 1.001221060752868652e+00 1.497961464338004589e-03
5.128656002554479176e-01 1.001178383827209473e+00 1.500283717177808285e-03
5.129608758504319299e-01 1.000398635864257812e+00 1.495116623118519783e-03
5.130031322796562154e-01 1.001546978950500488e+00 1.497288350947201252e-03
5.130314073825766874e-01 9.978012442588806152e-01 1.499136211350560188e-03
5.131266779188635718e-01 9.986714720726013184e-01 1.496027922257781029e-03
5.131689359044097065e-01 1.000948667526245117e+00 1.498716883361339569e-03
5.131972144540062342e-01 9.992893934249877930e-01 1.499032019637525082e-03
5.132924799870781651e-01 1.001173257827758789e+00 1.495826756581664085e-03
5.133347395849167105e-01 9.993071556091308594e-01 1.496160053648054600e-03
5.133630215809722452e-01 1.001029849052429199e+00 1.499784993939101696e-03
5.134582820554556282e-01 9.994434714317321777e-01 1.495781121775507927e-03
5.135005432098329603e-01 9.997516870498657227e-01 1.496577402576804161e-03
5.135288286525103718e-01 1.001097679138183594e+00 1.499746111221611500e-03
5.136240841237786903e-01 1.000633001327514648e+00 1.494751544669270515e-03
5.136663468345864514e-01 9.979329705238342285e-01 1.496174605563282967e-03
5.136946357795848517e-01 1.001681327819824219e+00 1.499983598478138447e-03
5.137898862476382167e-01 9.986132979393005371e-01 1.494285650551319122e-03
5.138321504594484113e-01 1.003169298171997070e+00 1.498614554293453693e-03
5.138604428510143984e-01 9.999551773071289062e-01 1.499567762948572636e-03
5.139556883159613898e-01 1.002754211425781250e+00 1.496661221608519554e-03
5.139979540843104822e-01 9.978010058403015137e-01 1.496281707659363747e-03
5.140262499780888783e-01 1.000491380691528320e+00 1.499283360317349434e-03
5.141214903842845629e-01 9.995308518409729004e-01 1.496637007221579552e-03
5.141637577091182632e-01 1.001529812812805176e+00 1.496849698014557362e-03
5.141920570495727150e-01 1.002932190895080566e+00 1.500711543485522270e-03
5.142872924525534462e-01 1.002328515052795410e+00 1.495768083259463310e-03
5.143295613895708662e-01 1.003598093986511230e+00 1.499125850386917591e-03
5.143578641765929049e-01 9.989559054374694824e-01 1.499266829341650009e-03
5.144530945208765083e-01 9.963849782943725586e-01 1.493592397309839725e-03
5.144953650144872270e-01 9.991424083709716797e-01 1.497337245382368565e-03
5.145236712480767416e-01 9.996001720428466797e-01 1.499905600212514400e-03
5.146188965892539713e-01 9.965155720710754395e-01 1.493424526415765285e-03
5.146611686392407181e-01 1.000383615493774414e+00 1.497200457379221916e-03
5.146894783752056224e-01 9.988434314727783203e-01 1.499128411523997784e-03
5.147846986574685646e-01 9.989283680915832520e-01 1.494830707088112831e-03
5.148269722641026780e-01 1.002276778221130371e+00 1.498194644227623940e-03
5.148552854465808792e-01 1.001209974288940430e+00 1.500434707850217819e-03
5.149505007257917377e-01 1.000342965126037598e+00 1.494762836955487728e-03
5.149927758889647489e-01 9.992946386337280273e-01 1.497002434916794300e-03
5.150210925180647159e-01 9.998649954795837402e-01 1.499535399489104748e-03
5.151163027941147998e-01 9.985326528549194336e-01 1.494154916144907475e-03
5.151585795138267088e-01 9.988413453102111816e-01 1.496924553066492081e-03
5.151868996451391958e-01 9.992010593414306641e-01 1.498678815551102161e-03
5.152821048624379729e-01 9.994930624961853027e-01 1.495213713496923447e-03
5.153243831387973595e-01 1.001965403556823730e+00 1.497648190706968307e-03
5.153527067166230324e-01 9.985731840133666992e-01 1.499092206358909607e-03
5.154479069307611461e-01 1.001936674118041992e+00 1.496358076110482216e-03
5.154901867637137203e-01 1.000352859497070312e+00 1.496782759204506874e-03
5.155185138436975123e-01 1.001698136329650879e+00 1.500590587966144085e-03
5.156137089990843192e-01 1.001355648040771484e+00 1.495191711001098156e-03
5.156559903885213902e-01 1.001475572586059570e+00 1.497553661465644836e-03
5.156843209151813490e-01 1.001377582550048828e+00 1.499150414019823074e-03
5.157795110672988015e-01 9.997934103012084961e-01 1.494360971264541149e-03
5.158217940689741043e-01 1.002655982971191406e+00 1.498022931627929211e-03
5.158501279865566058e-01 1.001862168312072754e+00 1.500083715654909611e-03
5.159453131912669077e-01 1.002227425575256348e+00 1.496152719482779503e-03
5.159875976938361752e-01 1.000815391540527344e+00 1.496736658737063408e-03
5.160159351136853756e-01 1.001576423645019531e+00 1.499341102316975594e-03
5.161111152595900808e-01 9.984902143478393555e-01 1.494813826866447926e-03
5.161534013185895553e-01 1.000136137008666992e+00 1.496541313827037811e-03
5.161817421851692123e-01 1.001442790031433105e+00 1.500208978541195393e-03
5.162769172722683209e-01 9.998471140861511230e-01 1.495490083470940590e-03
5.163192049435059161e-01 9.961572289466857910e-01 1.495231175795197487e-03
5.163475492565987590e-01 1.000524520874023438e+00 1.500099897384643555e-03
5.164427193405913830e-01 9.996567964553833008e-01 1.494280179031193256e-03
5.164850085684221659e-01 1.001574039459228516e+00 1.496977871283888817e-03
5.165133563280825957e-01 9.997533559799194336e-01 1.499436446465551853e-03
5.166085214089145561e-01 9.978480339050292969e-01 1.495105330832302570e-03
5.166508121931756570e-01 1.001165151596069336e+00 1.496662269346415997e-03
5.166791634551570755e-01 1.001906633377075195e+00 1.499896403402090073e-03
5.167743234771291494e-01 9.989524483680725098e-01 1.494577503763139248e-03
5.168166158180377279e-01 9.986798763275146484e-01 1.495735370554029942e-03
5.168449705265323324e-01 1.001587033271789551e+00 1.499793492257595062e-03
5.169401255455066124e-01 1.000742197036743164e+00 1.495767966844141483e-03
5.169824194428996877e-01 1.001509666442871094e+00 1.496981596574187279e-03
5.170107775980704590e-01 1.000545501708984375e+00 1.499420963227748871e-03
5.171059276138839644e-01 9.977827668190002441e-01 1.494388328865170479e-03
5.171482230677074687e-01 9.996418952941894531e-01 1.496496726758778095e-03
5.171765846696085855e-01 9.976995587348937988e-01 1.498431665822863579e-03
5.172717296822071376e-01 9.955677986145019531e-01 1.492600655183196068e-03
5.173140266925694286e-01 1.000953078269958496e+00 1.496521988883614540e-03
5.173423917965745966e-01 9.971258044242858887e-01 1.498232595622539520e-03
5.174375317505303107e-01 1.001103281974792480e+00 1.495601376518607140e-03
5.174798303174857894e-01 9.991585612297058105e-01 1.496299519203603268e-03
5.175081988680584333e-01 1.000716567039489746e+00 1.500257640145719051e-03
5.176033338187447930e-01 9.978222250938415527e-01 1.494355965405702591e-03
5.176456339422392805e-01 9.998492002487182617e-01 1.495570060797035694e-03
5.176740059396508498e-01 1.000509619712829590e+00 1.499437377788126469e-03
5.177691358871765459e-01 9.977913498878479004e-01 1.494021620601415634e-03
5.178114375671012404e-01 9.997292757034301758e-01 1.496709766797721386e-03
5.178398130111345754e-01 1.000028133392333984e+00 1.499878242611885071e-03
5.179349379556082988e-01 1.000075936317443848e+00 1.496087410487234592e-03
5.179772411363725571e-01 1.000453352928161621e+00 1.496254815720021725e-03
5.180056200826184121e-01 1.001564264297485352e+00 1.500280224718153477e-03
5.181007400238228922e-01 1.003533005714416504e+00 1.496003358624875546e-03
5.181430447612346279e-01 1.002421140670776367e+00 1.497745979577302933e-03
5.181714272096930030e-01 9.998596310615539551e-01 1.500465907156467438e-03
5.182665420922002442e-01 1.001315474510192871e+00 1.496129552833735943e-03
5.183088483860966988e-01 1.000743269920349121e+00 1.497673452831804752e-03
5.183372342811768396e-01 1.000635623931884766e+00 1.499649253673851490e-03
5.184323441049327741e-01 9.994156956672668457e-01 1.494406838901340961e-03
5.184746520109586587e-01 1.000970125198364258e+00 1.497242948971688747e-03
5.185030413526606763e-01 1.000265240669250488e+00 1.499680918641388416e-03
5.185981461732016573e-01 1.001016378402709961e+00 1.495925360359251499e-03
5.186404556357121498e-01 1.000358819961547852e+00 1.497562392614781857e-03
5.186688484241445130e-01 9.989809989929199219e-01 1.498933066613972187e-03
5.187639482415247194e-01 9.973016977310180664e-01 1.493354677222669125e-03
5.188062592606283996e-01 1.003000617027282715e+00 1.497978810220956802e-03
5.188346554955197698e-01 9.992711544036865234e-01 1.499390113167464733e-03
5.189297503098478925e-01 1.002198576927185059e+00 1.496303011663258076e-03
5.189720628854904705e-01 9.997126460075378418e-01 1.496629440225660801e-03
5.190004625670578964e-01 9.984896183013916016e-01 1.498575904406607151e-03
5.190955523781167757e-01 1.002273797988891602e+00 1.497541903518140316e-03
5.191378665102982515e-01 1.000555872917175293e+00 1.496146665886044502e-03
5.191662696385417330e-01 1.000484943389892578e+00 1.499940408393740654e-03
5.192613544464399489e-01 1.000270843505859375e+00 1.495098345912992954e-03
5.193036701351602114e-01 1.000371456146240234e+00 1.496180309914052486e-03
5.193320767099712798e-01 1.000342369079589844e+00 1.500165788456797600e-03
5.194271564592266577e-01 9.999493360519409180e-01 1.495268195867538452e-03
5.194694737044315280e-01 1.000004172325134277e+00 1.496973214671015739e-03
5.194978837814550054e-01 1.001789212226867676e+00 1.500782673247158527e-03
5.195929585274412510e-01 9.987798929214477539e-01 1.494707772508263588e-03
5.196352773292393090e-01 1.001441836357116699e+00 1.497736433520913124e-03
5.196636908529388421e-01 9.992375373840332031e-01 1.498235156759619713e-03
5.197587605957643131e-01 1.000342369079589844e+00 1.495612435974180698e-03
5.198010809541013799e-01 9.998610615730285645e-01 1.496055861935019493e-03
5.198294979243140990e-01 1.001438021659851074e+00 1.498976722359657288e-03
5.199245626640874862e-01 1.000910520553588867e+00 1.494801719672977924e-03
5.199668845790176297e-01 1.003160357475280762e+00 1.498310244642198086e-03
5.199953049957979356e-01 9.985232353210449219e-01 1.498247147537767887e-03
5.200903647324106593e-01 9.984635114669799805e-01 1.494308002293109894e-03
5.201326882038797006e-01 1.000067114830017090e+00 1.496915356256067753e-03
5.201611120672817723e-01 1.000232458114624023e+00 1.499002217315137386e-03
5.202561667451430782e-01 9.996885061264038086e-01 1.495158183388411999e-03
5.202984917732053072e-01 9.998176097869873047e-01 1.496466225944459438e-03
5.203269191387656090e-01 9.987380504608154297e-01 1.498280558735132217e-03
5.204219688134662514e-01 9.980359077453613281e-01 1.494808355346322060e-03
5.204642953981216680e-01 9.982922673225402832e-01 1.495587406679987907e-03
5.204927262101408658e-01 9.991433024406433105e-01 1.499399426393210888e-03
5.205877708816808447e-01 9.990147352218627930e-01 1.494481111876666546e-03
5.206300990228750480e-01 1.000272989273071289e+00 1.497182180173695087e-03
5.206585332816789924e-01 1.004100203514099121e+00 1.501525519415736198e-03
5.207535729500583077e-01 1.001670241355895996e+00 1.495992299169301987e-03
5.207959026477371189e-01 1.000407934188842773e+00 1.496613142080605030e-03
5.208243403531628291e-01 1.002364516258239746e+00 1.500283135101199150e-03
5.209193749627907266e-01 1.000045061111450195e+00 1.494381809607148170e-03
5.209617062725990788e-01 9.969194531440734863e-01 1.495002652518451214e-03
5.209901474245923758e-01 1.002370834350585938e+00 1.500094658695161343e-03
5.210851770310596098e-01 1.002949833869934082e+00 1.496371231041848660e-03
5.211275098418705065e-01 1.000287055969238281e+00 1.496181706897914410e-03
5.211559544960762125e-01 1.000079393386840820e+00 1.499055768363177776e-03
5.212509790993827830e-01 1.000525474548339844e+00 1.494991243816912174e-03
5.212933134667324664e-01 1.000864744186401367e+00 1.496949698776006699e-03
5.213217615675600491e-01 9.988405108451843262e-01 1.498943543992936611e-03
5.214167811121152019e-01 9.979820251464843750e-01 1.494116033427417278e-03
5.214591170915945373e-01 9.997726082801818848e-01 1.496228389441967010e-03
5.214875686389895959e-01 1.000404238700866699e+00 1.499413396231830120e-03
5.215825831803297952e-01 9.993338584899902344e-01 1.494379015639424324e-03
